name: env_laptop_benchmarks
channels:
  - conda-forge
dependencies:
  - _python_abi3_support=1.0=hd8ed1ab_2
  - bzip2=1.0.8=h2466b09_7
  - ca-certificates=2025.8.3=h4c7d964_0
  - cpython=3.11.13=py311hd8ed1ab_0
  - libblas=3.9.0=34_h5709861_mkl
  - libcblas=3.9.0=34_h2a3cdd5_mkl
  - libexpat=2.7.1=hac47afa_0
  - libffi=3.4.6=h537db12_1
  - libhwloc=2.12.1=default_h88281d1_1000
  - libiconv=1.18=hc1393d2_2
  - liblapack=3.9.0=34_hf9ab0e9_mkl
  - liblzma=5.8.1=h2466b09_2
  - libsqlite=3.50.4=hf5d6505_0
  - libwinpthread=12.0.0.r4.gg4f2fc60ca=h57928b3_9
  - libxml2=2.13.8=h741aa76_1
  - libzlib=1.3.1=h2466b09_2
  - llvm-openmp=20.1.8=hfa2b4ca_1
  - mkl=2024.2.2=h57928b3_16
  - numpy=2.3.2=py311h80b3fa1_0
  - openssl=3.5.2=h725018a_0
  - pandas=2.3.1=py311h11fd7f3_0
  - pip=25.2=pyh8b19718_0
  - polars=1.32.3=default_h34cc8bc_0
  - polars-default=1.32.3=py39he906d20_0
  - python=3.11.13=h3f84c4b_0_cpython
  - python-dateutil=2.9.0.post0=pyhe01879c_2
  - python-gil=3.11.13=hd8ed1ab_0
  - python-tzdata=2025.2=pyhd8ed1ab_0
  - python_abi=3.11=8_cp311
  - pytz=2025.2=pyhd8ed1ab_0
  - setuptools=80.9.0=pyhff2d567_0
  - six=1.17.0=pyhe01879c_1
  - tbb=2021.13.0=h18a62a1_2
  - tk=8.6.13=h2c6b04d_2
  - tzdata=2025b=h78e105d_0
  - ucrt=10.0.22621.0=h57928b3_1
  - vc=14.3=h41ae7f8_31
  - vc14_runtime=14.44.35208=h818238b_31
  - vcomp14=14.44.35208=h818238b_31
  - wheel=0.45.1=pyhd8ed1ab_1
prefix: C:\Users\chiuw\miniforge3\envs\env_laptop_benchmarks
